sum : 328.600000
avg : 65.720000